Jahmyr Gibbs RB 1 190.10 945.00 316.00 10 1 182 52 71 2
Jamarr Chase WR 1 162.70 1216.00 0.00 7 0 3 100 145 0
A.J Brown WR 1 183.60 1456.00 0.00 7 0 0 106 158 1
Christian McCaffrey RB 1 324.30 564.00 1459.00 7 14 272 67 83 2
Justin Jefferson WR 1 134.20 -12.00 1074.00 0 5 1 68 100 1
Tyreek Hill WR 1 257.40 15.00 1799.00 0 13 6 119 171 1
Breece Hall RB 1 214.50 591.00 994.00 4 5 233 76 95 2
Ceedee Lamb WR 1 268.20 113.00 1749.00 2 12 14 135 181 3
Sam Leporta TE 1 153.30 4.00 889.00 0 10 1 86 120 0
Bijan Robinson RB 1 188.30 976.00 487.00 4 4 214 58 86 4
Jonathan Taylor RB 1 137.40 741.00 153.00 7 1 169 19 23 3
Amon St WR 1 211.90 1515.00 24.00 10 0 4 119 164 0
Josh Allen QB 410.90 4306.00 524.00 29 15 4 18
