Jahmyr Gibbs RB 1 190.10 945.00 316.00 10 1 182 52 71 2
Jamarr Chase WR 1 162.70 1216.00 0.00 7 0 3 100 145 0
A.J Brown WR 1 183.60 1456.00 0.00 7 0 0 106 158 1
Josh Allen QB 410.90 4306.00 524.00 29 15 4 18
Mike Evans WR 1 203.50 1255.00 0.00 13 0 0 79 136 0
Nico Collins WR 2 180.40 1297.00 7.00 8 0 1 80 109 0
Travis Etienne RB 1 224.40 476.00 1008.00 1 11 267 58 73 0
Christian McCaffrey RB 1 324.30 564.00 1459.00 7 14 272 67 83 2
Justin Jefferson WR 1 134.20 -12.00 1074.00 0 5 1 68 100 1
Tyreek Hill WR 1 257.40 15.00 1799.00 0 13 6 119 171 1
Breece Hall RB 1 214.50 591.00 994.00 4 5 233 76 95 2
Derrick Henry RB 1 218.70 214.00 1167.00 0 12 280 28 36 0
Jalen Hurts QB 371.90 3858.00 605.00 23 15 5 15
Lamar Jackson QB 338.20 3678.00 821.00 24 5 6 7
Ceedee Lamb WR 1 268.20 113.00 1749.00 2 12 14 135 181 3
Sam Leporta TE 1 153.30 4.00 889.00 0 10 1 86 120 0
Jordan Love QB 330.10 4159.00 247.00 32 4 3 11
Bijan Robinson RB 1 188.30 976.00 487.00 4 4 214 58 86 4
Puka Nacua WR 1 193.50 1486.00 89.00 6 0 12 105 160 0
DJ Moore WR 1 190.50 1364.00 21.00 8 1 4 96 136 1
Joe Mixon RB 1 215.00 376.00 1034.00 3 9 257 52 64 0
Raheem Mostert RB 2 242.70 175.00 1012.00 3 18 209 25 32 1
Dak Prescott QB 352.00 4516.00 242.00 36 2 2 9
Brock Purdy QB 306.60 4280.00 144.00 31 2 2 11
Jonathan Taylor RB 1 137.40 741.00 153.00 7 1 169 19 23 3
Amon St WR 1 211.90 1515.00 24.00 10 0 4 119 164 0
Deebo Samuel WR 1 183.70 892.00 225.00 7 5 37 60 89 0
Kyren Williams RB 1 223.00 206.00 1144.00 3 12 228 32 48 2
